           1   1.0492971638349169        9.9999999634384662E-002
           2   11.542268802184083        9.9999998850243077E-002
           3   22.035240440533247        9.9999998580440286E-002
           4   32.528212078882419        9.9999998394733058E-002
           5   43.021183717231587        9.9999998270371440E-002
           6   53.514155355580762       0.34999991939328673     
           7   64.007126993929916       0.34999996353575413     
           8   74.500098632279091       0.44999995408820326     
           9   84.993070270628252       0.54999995138313063     
          10   95.486041908977427       0.64999993764663566     
          11   105.97901354732657       0.64999995450731218     
          12   116.47198518567575       0.64999996092446710     
          13   126.96495682402491       0.64999996463952103     
          14   137.45792846237407       0.74999994991083263     
          15   147.95090010072326       0.84999995295812503     
          16   158.44387173907239       0.84999995771099635     
          17   168.93684337742158       0.84999996045868509     
          18   179.42981501577077        1.0499999198498957     
          19   189.92278665411993        1.0499999443464729     
          20   200.41575829246912        1.0499999496095946     
          21   210.90872993081831        1.0499999525444124     
          22   221.40170156916747        1.1499999087952126     
          23   231.89467320751666        1.1499999413901327     
          24   242.38764484586585        1.1499999459780914     
          25   252.88061648421498        1.1499999483725010     
          26   263.37358812256417        1.1499999499492597     
          27   273.86655976091333        1.1499999510955459     
          28   284.35953139926249        1.4499999038060869     
          29   294.85250303761165        1.4499999286220888     
          30   305.34547467596082        1.4499999338223888     
          31   315.83844631431003        1.4499999365932066     
          32   326.33141795265919        1.4499999383320132     
          33   336.82438959100836        1.5499999217385469     
          34   347.31736122935757        1.5499999283997696     
          35   357.81033286770673        1.5499999308606702     
          36   368.30330450605589        1.6499998848060906     
          37   378.79627614440511        1.6499999229029092     
          38   389.28924778275427        1.8499998840960790     
          39   399.78221942110343        1.8499999007597783     
          40   410.27519105945265        1.8499999048276450     
          41   420.76816269780181        1.8499999054412073     
          42   431.26113433615097        1.9499998964545633     
          43   441.75410597450013        2.0499998717642245     
          44   452.24707761284935        2.2499998304382842     
          45   462.74004925119851        2.1499998312346298     
          46   473.23302088954767        1.3999999165865751     
          47   483.72599252789689        1.1999999473885794     
          48   494.21896416624605        1.0999999562969234     
          49   504.71193580459516        1.0999999546588886     
          50   515.20490744294443        1.1999999298147890     
          51   525.69787908129354        1.0999999506467577     
          52   536.19085071964275        1.0999999482033209     
          53   546.68382235799186        1.0999999506103857     
          54   557.17679399634108        1.2999999363844719     
          55   567.66976563469018        1.4999999200091700     
          56   578.16273727303940        1.4999999284149492     
          57   588.65570891138850        1.6999998867650883     
          58   599.14868054973772        1.9999998227283982     
          59   609.64165218808682        1.9999998830603420     
          60   620.13462382643615        2.2999998347793444     
          61   630.62759546478526        2.6499998091875874     
          62   641.12056710313448        2.8999996213553012     
          63   651.61353874148358        2.7999998233959347     
          64   662.10651037983280        2.7999998200908678     
          65   672.59948201818190        2.8999997617276838     
          66   683.09245365653123        2.6999998475968310     
          67   693.58542529488034        2.5999998615840907     
          68   704.07839693322956        2.4999998661851328     
          69   714.57136857157866        2.4999998419184304     
          70   725.06434020992788        2.3999998784047150     
          71   735.55731184827698        2.3999998706759769     
          72   746.05028348662620        2.3999998559084554     
          73   756.54325512497542        2.2999998667234909     
          74   767.03622676332463        2.1999998746577374     
          75   777.52919840167374        2.1999998597169532     
          76   788.02217004002284        2.0999998813626672     
          77   798.51514167837206        2.0999998692493951     
          78   809.00811331672116        2.0999998308069521     
          79   819.50108495507050        1.9999998626941415     
          80   829.99405659341960        1.9999997874542776     
          81   840.48702823176882        1.8999998016558843     
          82   850.97999987011792        1.4999998699345540     
          83   861.47297150846714        1.3999998570697108     
          84   871.96594314681624        1.2499999507082116     
          85   882.45891478516558        1.2499999530269532     
          86   892.95188642351468        1.2499999513267706     
          87   903.44485806186390        1.2499999337459007     
          88   913.93782970021300        1.1499999529665226     
          89   924.43080133856222        1.1499998826701057     
          90   934.92377297691132        1.0499999621800100     
          91   945.41674461526065        1.0499999597439764     
          92   955.90971625360976        1.1499999315128173     
          93   966.40268789195898        1.0499999559764064     
          94   976.89565953030808        1.0499999482059117     
          95   987.38863116865730       0.94999995292315575     
          96   997.88160280700640       0.84999996939834654     
          97   1008.3745744453555       0.84999996927837540     
          98   1018.8675460837048       0.94999989496960668     
          99   1029.3605177220541       0.94999996091011119     
         100   1039.8534893604030       0.94999996248390006     
         101   1050.3464609987523       0.94999996285190558     
         102   1060.8394326371013       0.94999996278748988     
         103   1071.3324042754507       0.94999996247451834     
         104   1081.8253759137997        1.1499999368506653     
         105   1092.3183475521489        1.1499999476661371     
         106   1102.8113191904981        1.1499999494788873     
         107   1113.3042908288473        1.1499999497783857     
         108   1123.7972624671963        1.1499999495452249     
         109   1134.2902341055458        1.2499999399638702     
         110   1144.7832057438948        1.2499999427295847     
         111   1155.2761773822440        1.2499999432257640     
         112   1165.7691490205932        1.2499999426510522     
         113   1176.2621206589422        1.3499999315602373     
         114   1186.7550922972914        1.3499999296653118     
         115   1197.2480639356406        1.3499999161772829     
         116   1207.7410355739898        1.1499999507106478     
         117   1218.2340072123388        1.0499999555644637     
         118   1228.7269788506881        1.1499999046142613     
         119   1239.2199504890375        1.2499999317462360     
         120   1249.7129221273867        1.1499999301669415     
         121   1260.2058937657357       0.94999995925986180     
         122   1270.6988654040849        1.0499999518217422     
         123   1281.1918370424341       0.94999995644732138     
         124   1291.6848086807834        1.1499999382112034     
         125   1302.1777803191324        1.1499999335756117     
         126   1312.6707519574816       0.94999995432816198     
         127   1323.1637235958308       0.79999995976934291     
         128   1333.6566952341798        1.1999998685631146     
         129   1344.1496668725290        1.5999998043691883     
         130   1354.6426385108782        1.7499995644229995     
         131   1365.1356101492277        1.9499998024841307     
         132   1375.6285817875769        2.0499997642470698     
         133   1386.1215534259259        1.9499996050361654     
         134   1396.6145250642751        2.1999994820955258     
         135   1407.1074967026243        1.8999996703211615     
         136   1417.6004683409733        1.6999998332081259     
         137   1428.0934399793225        1.6999997688749753     
         138   1438.5864116176717        1.5999998615741151     
         139   1449.0793832560209        1.5999997787094236     
         140   1459.5723548943699        1.4999997789672699     
         141   1470.0653265327192        1.3999998722737783     
         142   1480.5582981710684        1.2999998922770950     
         143   1491.0512698094178        1.2999998686171286     
         144   1501.5442414477668        1.2999998332766656     
         145   1512.0372130861160        1.0999999027714931     
         146   1522.5301847244652        1.0999998918518163     
         147   1533.0231563628145       0.99999989836281422     
         148   1543.5161280011635       0.99999984896818905     
         149   1554.0090996395127       0.79999990366708917     
         150   1564.5020712778619       0.64999991890640973     
         151   1574.9950429162109       0.69999990030877790     
         152   1585.4880145545601       0.79999977371737896     
         153   1595.9809861929093       0.69999980985121080     
         154   1606.4739578312585        1.6289590074349068E-014
         155   1616.9669294696075        3.4429223666468927E-017
         156   1627.4599011079570        3.6793261229848085E-018
         157   1637.9528727463062        8.0847764223489729E-019
         158   1648.4458443846554        2.5321323354197689E-019
         159   1658.9388160230044        9.8658757589359901E-020
         160   1669.4317876613536        4.4669391000792689E-020
         161   1679.9247592997028        2.2582563830958588E-020
         162   1690.4177309380520        1.2423309610709425E-020
         163   1700.9107025764010        7.3062324689681247E-021
         164   1711.4036742147503        4.5350918440961826E-021
         165   1721.8966458530995        2.9428006919464738E-021
         166   1732.3896174914487        1.9816938606108134E-021
         167   1742.8825891297977        1.3769616614374870E-021
         168   1753.3755607681471        9.8273343210694335E-022
         169   1763.8685324064963        7.1775832188165101E-022
         170   1774.3615040448456        5.3486380858828993E-022
         171   1784.8544756831946        4.0565004232075140E-022
         172   1795.3474473215438        3.1246761584145010E-022
         173   1805.8404189598930        2.4403323875935003E-022
         174   1816.3333905982420        1.9294957955038161E-022
         175   1826.8263622365912        1.5425665554106890E-022
         176   1837.3193338749404        1.2456104435698846E-022
         177   1847.8123055132896        1.0149720951371375E-022
         178   1858.3052771516386        8.3388964795347070E-023
         179   1868.7982487899878        6.9030109086954725E-023
         180   1879.2912204283371        5.7540716140435386E-023
         181   1889.7841920666865        4.8270392533533051E-023
         182   1900.2771637050355        4.0732893795620733E-023
         183   1910.7701353433847        3.4560592454352874E-023
         184   1921.2631069817339        2.9472795094326902E-023
         185   1931.7560786200831        2.5253169496261484E-023
         186   1942.2490502584321        2.1733495550494912E-023
         187   1952.7420218967814        1.8781955551842700E-023
         188   1963.2349935351306        1.6294411707813212E-023
         189   1973.7279651734796        1.4188074532120223E-023
         190   1984.2209368118288        1.2396621754212433E-023
         191   1994.7139084501780        1.0866627382161162E-023
         192   2005.2068800885272        9.5547899004509595E-024
         193   2015.6998517268767        8.4258183847869280E-024
         194   2026.1928233652256        7.4508012638743497E-024
         195   2036.6857950035749        6.6059288314232328E-024
         196   2047.1787666419241        5.8715048707309713E-024
         197   2057.6717382802731        5.2311672969712213E-024
         198   2068.1647099186225        4.6712580949430972E-024
         199   2078.6576815569715        4.1803316083895516E-024
         200   2089.1506531953205        3.7487621631491543E-024
