           1   1.1054934871758142        4.9988044037559118E-002
           2   3.3164804615274419        4.9966062527671128E-002
           3   5.5274674358790703        4.9949007491419374E-002
           4   7.7384544102306982       0.14821862156302387     
           5   9.9494413845823289       0.14957787947948881     
           6   12.160428358933956       0.14966270826721431     
           7   14.371415333285585       0.14969404653804191     
           8   16.582402307637210       0.14971255195587041     
           9   18.793389281988841       0.19962294415360282     
          10   21.004376256340471       0.29574564803123704     
          11   23.215363230692098       0.29926183207177115     
          12   25.426350205043729       0.34931165317249568     
          13   27.637337179395359       0.34939293913788816     
          14   29.848324153746990       0.34942232478949409     
          15   32.059311128098621       0.44723786796043602     
          16   34.270298102450248       0.44787380859362325     
          17   36.481285076801875       0.44894947265816304     
          18   38.692272051153509       0.44908722470584261     
          19   40.903259025505136       0.44912318643162613     
          20   43.114245999856763       0.44912742554109092     
          21   45.325232974208404       0.44915095524721560     
          22   47.536219948560031       0.54820961767496090     
          23   49.747206922911658       0.54819094297933513     
          24   51.958193897263293       0.54836366896872268     
          25   54.169180871614920       0.54868784576952989     
          26   56.380167845966547       0.54883926717468090     
          27   58.591154820318174       0.54891719423965468     
          28   60.802141794669808       0.54898393903143705     
          29   63.013128769021442       0.64878004614391471     
          30   65.224115743373076       0.64886929189936760     
          31   67.435102717724703       0.64891842765071728     
          32   69.646089692076330       0.74736340274925139     
          33   71.857076666427957       0.74794296528397852     
          34   74.068063640779584       0.74812680064657977     
          35   76.279050615131212       0.74839407575883987     
          36   78.490037589482853       0.74855621286587259     
          37   80.701024563834480       0.74861740136373078     
          38   82.912011538186107       0.74814384225217778     
          39   85.122998512537748       0.64871004860239290     
          40   87.333985486889375       0.54913665708429826     
          41   89.544972461241002       0.49924232651464917     
          42   91.755959435592629       0.49924623096435827     
          43   93.966946409944256       0.49916546536702938     
          44   96.177933384295883       0.44941577360016477     
          45   98.388920358647511       0.54915576757359374     
          46   100.59990733299914       0.64726922519960672     
          47   102.81089430735078       0.64824468083257347     
          48   105.02188128170241       0.74843531466687474     
          49   107.23286825605403       0.94796794874022972     
          50   109.44385523040566       0.94845107500977111     
          51   111.65484220475730       0.94857373246868448     
          52   113.86582917910894       0.84882161608687867     
          53   116.07681615346057       0.94872685401430268     
          54   118.28780312781220        1.0482701317023360     
          55   120.49879010216382        1.0485939742244399     
          56   122.70977707651545        1.0486818242030664     
          57   124.92076405086708        1.0487350975021859     
          58   127.13175102521870        1.0487720225945056     
          59   129.34273799957035        1.0487774358793223     
          60   131.55372497392196        1.0466815760755444     
          61   133.76471194827360        1.1479686740943826     
          62   135.97569892262521        1.1482227235128186     
          63   138.18668589697683        1.1483220839996620     
          64   140.39767287132847        1.1483595005466445     
          65   142.60865984568011        1.0486386295400913     
          66   144.81964682003172        1.0486477091056992     
          67   147.03063379438336        1.0486642963865991     
          68   149.24162076873500        1.1480161929467154     
          69   151.45260774308662        1.0489035433012626     
          70   153.66359471743826        1.0489205586579611     
          71   155.87458169178987        1.1472117890460851     
          72   158.08556866614151        1.1480374598113787     
          73   160.29655564049312        1.1511038025323992     
          74   162.50754261484477        1.2477443058226534     
          75   164.71852958919641        1.1486981798163098     
          76   166.92951656354802        1.1486990715920846     
          77   169.14050353789969        1.1487203738360914     
          78   171.35149051225130        1.2472612667522092     
          79   173.56247748660294        1.3465148200861792     
          80   175.77346446095456        1.4959746376967231     
          81   177.98445143530620        1.4962598220208647     
          82   180.19543840965781        1.5961114513898713     
          83   182.40642538400945        1.5964413180202146     
          84   184.61741235836107        1.5953199005288945     
          85   186.82839933271271        1.6938529371577635     
          86   189.03938630706432        1.6954941048761365     
          87   191.25037328141596        1.2979904000134668     
          88   193.46136025576757        1.4972213099181073     
          89   195.67234723011921        1.4967331693384480     
          90   197.88333420447083        1.5932907914913448     
          91   200.09432117882250        1.5963668417406014     
          92   202.30530815317408        1.5947388006441785     
          93   204.51629512752575        1.4972434364777112     
          94   206.72728210187739        1.4971650480474439     
          95   208.93826907622901        1.5964054263200529     
          96   211.14925605058065        1.5954685741968011     
          97   213.36024302493226        1.3977612592906683     
          98   215.57122999928390        1.3976709882278526     
          99   217.78221697363551        1.3973522944535866     
         100   219.99320394798715        1.2982848639714848     
         101   222.20419092233877        1.2982613344044518     
         102   224.41517789669041        1.2982001667175687     
         103   226.62616487104202        1.2979461748877681     
         104   228.83715184539366        1.1984966012160245     
         105   231.04813881974528        1.1984600037920863     
         106   233.25912579409695        1.1983901213673107     
         107   235.47011276844856        1.1982302847207498     
         108   237.68109974280020        1.0985006199493028     
         109   239.89208671715181        1.1953809732562604     
         110   242.10307369150345        1.0985233865649358     
         111   244.31406066585510        1.0986030745880906     
         112   246.52504764020671        1.0986335051867617     
         113   248.73603461455835        1.0986318173945628     
         114   250.94702158890996        1.0985847484592675     
         115   253.15800856326160        1.0488034920338647     
         116   255.36899553761322        1.0487019467041605     
         117   257.57998251196489        1.0486169430247319     
         118   259.79096948631650        1.0481988204139290     
         119   262.00195646066811       0.94877700511826235     
         120   264.21294343501972       0.94857115635213385     
         121   266.42393040937139       0.84911165786004039     
         122   268.63491738372301       0.84907267152116250     
         123   270.84590435807462       0.84901608402508211     
         124   273.05689133242623       0.84886181756781343     
         125   275.26787830677790       0.74921945344843843     
         126   277.47886528112952       0.74915894411635053     
         127   279.68985225548113       0.74888495857720394     
         128   281.90083922983280       0.64941834642464691     
         129   284.11182620418441       0.64941201217554190     
         130   286.32281317853602       0.64940189287627648     
         131   288.53380015288764       0.64937529198862753     
         132   290.74478712723931       0.54968482955438025     
         133   292.95577410159092       0.54960160461289742     
         134   295.16676107594253       0.74489354366416005     
         135   297.37774805029414       0.74881194735000634     
         136   299.58873502464581       0.74899316733657828     
         137   301.79972199899743       0.74907255068191347     
         138   304.01070897334904       0.74916445608268445     
         139   306.22169594770065       0.94794850297516409     
         140   308.43268292205232       0.94844520113483699     
         141   310.64366989640399        1.0158057082943723     
         142   312.85465687075560        1.1475993699347269     
         143   315.06564384510722        1.1479859578679603     
         144   317.27663081945889        1.1658946436850013     
         145   319.48761779381050        1.3456683595349448     
         146   321.69860476816211        1.3466433556188935     
         147   323.90959174251373        1.3469541516998869     
         148   326.12057871686540        1.2476429561243212     
         149   328.33156569121701        1.4424524277112474     
         150   330.54255266556862        1.3473904301762414     
         151   332.75353963992023        1.3475210098227663     
         152   334.96452661427190        1.3475335092223288     
         153   337.17551358862352        1.3474058717886621     
         154   339.38650056297513        1.3454838214611744     
         155   341.59748753732674        1.4464406606567672     
         156   343.80847451167841        1.4450845301557131     
         157   346.01946148603002        1.4445135697429836     
         158   348.23044846038164        1.4457204293229020     
         159   350.44143543473331        1.3474289289100965     
         160   352.65242240908492        1.3469698486667532     
         161   354.86340938343653        1.4475243557325244     
         162   357.07439635778815        1.4478558574903193     
         163   359.28538333213982        1.5567076134024822     
         164   361.49637030649143        1.7455945831466324     
         165   363.70735728084304        1.8453252865511298     
         166   365.91834425519465        1.8343000414299588     
         167   368.12933122954638        1.7448163052921113     
         168   370.34031820389799        1.7458567620156609     
         169   372.55130517824961        1.7430658206184260     
         170   374.76229215260116        1.4471260787076514     
         171   376.97327912695289        1.4470673129578187     
         172   379.18426610130450        1.5446993531572264     
         173   381.39525307565611        1.3469119437574644     
         174   383.60624005000773        1.3467464793561092     
         175   385.81722702435940        1.2476221741762754     
         176   388.02821399871101        1.4350852046062661     
         177   390.23920097306262        1.5446950435268960     
         178   392.45018794741429        1.5893773015357677     
         179   394.66117492176591        1.3907372745825739     
         180   396.87216189611752        1.5814748156036496     
         181   399.08314887046913        1.8797368256707288     
         182   401.29413584482080        2.0721069656201130     
         183   403.50512281917241        1.6445433170674641     
         184   405.71610979352403        1.5437640180145760     
         185   407.92709676787564        1.5435687193865184     
         186   410.13808374222731        1.3463517748104579     
         187   412.34907071657892        1.0984978864267425     
         188   414.56005769093053        1.0985450134826757     
         189   416.77104466528215        1.0985538589079922     
         190   418.98203163963382       0.99893846504171080     
         191   421.19301861398543        1.1953570231418420     
         192   423.40400558833704        1.1971887716217664     
         193   425.61499256268877        1.1980815493609918     
         194   427.82597953704038        1.1981344949148138     
         195   430.03696651139194        1.1981065745429196     
         196   432.24795348574355        1.4935147090329903     
         197   434.45894046009528        1.5943557689959704     
         198   436.66992743444689        1.3965119479186718     
         199   438.88091440879850        1.3041647182004024     
         200   441.09190138315012        1.3974537543868124     
         201   443.30288835750179        1.3972419767862476     
         202   445.51387533185340        1.2976819225313039     
         203   447.72486230620501        1.2966842926089550     
         204   449.93584928055662        1.1985169275014380     
         205   452.14683625490829        1.2954678113749498     
         206   454.35782322925991        1.3975742178930453     
         207   456.56881020361152        1.3479524092641912     
         208   458.77979717796313        1.3479577846755397     
         209   460.99078415231480        1.3478754151124410     
         210   463.20177112666642        1.3476369034948910     
         211   465.41275810101803        1.2476620323738148     
         212   467.62374507536970        1.2452759930359654     
         213   469.83473204972131        1.0479798005142027     
         214   472.04571902407292        1.0485201526924970     
         215   474.25670599842454        1.0477227043811141     
         216   476.46769297277621        1.1447800157708639     
         217   478.67867994712782        1.2441707854503137     
         218   480.88966692147943        1.1469102647703966     
         219   483.10065389583104        1.1473799157060673     
         220   485.31164087018271        1.2448473576230441     
         221   487.52262784453433        1.1479097383283476     
         222   489.73361481888594        1.1477043037407801     
         223   491.94460179323755        1.0480686491111058     
         224   494.15558876758928        1.0479904274471661     
         225   496.36657574194089        1.0477717970516438     
         226   498.57756271629250        1.2454486059860528     
         227   500.78854969064412        1.1472098341812427     
         228   502.99953666499579        1.1469333557269612     
         229   505.21052363934740        1.1465307738224000     
         230   507.42151061369901        1.1463489227806958     
         231   509.63249758805068        1.1470177432412778     
         232   511.84348456240230        1.0472447161841441     
         233   514.05447153675391        1.0462324951214439     
         234   516.26545851110552       0.89765268887911454     
         235   518.47644548545725       0.99717432661808469     
         236   520.68743245980886       0.99673849083110677     
         237   522.89841943416047       0.89790598108773134     
         238   525.10940640851197        1.0963833772455818     
         239   527.32039338286370        1.1959993275962111     
         240   529.53138035721531        1.3446777325932064     
         241   531.74236733156692        1.3445826978021915     
         242   533.95335430591854        1.1240767216609615     
         243   536.16434128027026       0.94789673058256219     
         244   538.37532825462188        1.0464327702416312     
         245   540.58631522897349        1.0465859604333341     
         246   542.79730220332510        1.0462811203236579     
         247   545.00828917767672        1.0451545326299863     
         248   547.21927615202833       0.94564810474866079     
         249   549.43026312637994       0.84674377710138504     
         250   551.64125010073167       0.94560991032926112     
         251   553.85223707508317       0.94524855521728302     
         252   556.06322404943478       0.84650589067643867     
         253   558.27421102378639       0.84646937920533272     
         254   560.48519799813812       0.84455750166754739     
         255   562.69618497248973       0.84557085055038872     
         256   564.90717194684134       0.69816703249042789     
         257   567.11815892119296       0.69814904069329387     
         258   569.32914589554457       0.69807820342209126     
         259   571.54013286989618       0.69792163211438041     
         260   573.75111984424780       0.69745941770734965     
         261   575.96210681859952       0.49758758818785298     
         262   578.17309379295114       0.39886832748501189     
         263   580.38408076730275       0.39890643050925678     
         264   582.59506774165436       0.39864397555387865     
         265   584.80605471600597       0.39895745716439501     
         266   587.01704169035759       0.39911209490477295     
         267   589.22802866470920       0.39918471517843546     
         268   591.43901563906081       0.59783677483562214     
         269   593.65000261341254       0.59842735039472950     
         270   595.86098958776415       0.49892144093701751     
         271   598.07197656211576       0.49885766533099618     
         272   600.28296353646749       0.49875203906898097     
         273   602.49395051081910       0.69739855611975010     
         274   604.70493748517072       0.59890950944919996     
         275   606.91592445952233       0.59898754572304891     
         276   609.12691143387394       0.69860403754354672     
         277   611.33789840822556       0.89753998978779159     
         278   613.54888538257717        1.0956728137038079     
         279   615.75987235692878       0.99790717873633816     
         280   617.97085933128051        1.2960265477662389     
         281   620.18184630563212        1.4341275361350980     
         282   622.39283327998373        1.4448636388063709     
         283   624.60382025433535        1.5440214555947105     
         284   626.81480722868696        1.3469117174273852     
         285   629.02579420303857        1.3468090958592864     
         286   631.23678117739018        1.3464714088944705     
         287   633.44776815174191        1.3455667505351763     
         288   635.65875512609341        1.2613243159277101     
         289   637.86974210044514        1.3451941824559928     
         290   640.08072907479675        1.1472570344864015     
         291   642.29171604914836        1.1466656249804406     
         292   644.50270302349998       0.94694394493098355     
         293   646.71368999785170        1.0360342358539372     
         294   648.92467697220320       0.94779181757706699     
         295   651.13566394655493        1.1407270371359830     
         296   653.34665092090643        1.0434195107701554     
         297   655.55763789525815       0.94776000419756268     
         298   657.76862486960988       0.94589333998074787     
         299   659.97961184396138       0.94547948243317748     
         300   662.19059881831311       0.84541645203780424     
         301   664.40158579266472       0.74839423383908554     
         302   666.61257276701633       0.74565259499630576     
         303   668.82355974136794       0.64934144016722395     
         304   671.03454671571956       0.64934245735975105     
         305   673.24553369007117       0.64933816235820085     
         306   675.45652066442290       0.74864608160780777     
         307   677.66750763877440       0.74897167428590805     
         308   679.87849461312612       0.74903102776663455     
         309   682.08948158747774       0.74901078196286008     
         310   684.30046856182935       0.74889606365861816     
         311   686.51145553618096       0.74843686802859033     
         312   688.72244251053269       0.64940086656381779     
         313   690.93342948488419       0.64940645678964493     
         314   693.14441645923591       0.64941024103755729     
         315   695.35540343358741       0.74564861720868270     
         316   697.56639040793914       0.74894047735529612     
         317   699.77737738229075       0.74909582505283279     
         318   701.98836435664236       0.74915736209976169     
         319   704.19935133099398       0.74918688951801538     
         320   706.41033830534570       0.74919995273567963     
         321   708.62132527969720       0.76419118520683138     
         322   710.83231225404893        1.0456863000005665     
         323   713.04329922840043        1.0974243689747056     
         324   715.25428620275216        1.0971503434926577     
         325   717.46527317710388        1.2567980961688558     
         326   719.67626015145538        1.2958886112798702     
         327   721.88724712580711        1.1044450511518424     
         328   724.09823410015872       0.89784307838125366     
         329   726.30922107451033       0.89727541565159619     
         330   728.52020804886195       0.99601350846810521     
         331   730.73119502321367       0.79806688241473311     
         332   732.94218199756517       0.69820812770944263     
         333   735.15316897191690       0.89423171263670675     
         334   737.36415594626840       0.99187632027687411     
         335   739.57514292062012       0.50052143263528592     
         336   741.78612989497174       0.49933742400386927     
         337   743.99711686932335       0.59616766312695224     
         338   746.20810384367496       0.59916432218197835     
         339   748.41909081802669       0.69782753022542554     
         340   750.63007779237819       0.64922338896351306     
         341   752.84106476672991       0.84673416427729742     
         342   755.05205174108153       0.84811474362423900     
         343   757.26303871543314        1.0471643947438245     
         344   759.47402568978475        1.1472207290202527     
         345   761.68501266413637        1.1476405335440889     
         346   763.89599963848798        1.3459091646185657     
         347   766.10698661283971        1.3458185311788617     
         348   768.31797358719120        1.3452462016090427     
         349   770.52896056154293        1.1483540114630770     
         350   772.73994753589466        1.1480240439147558     
         351   774.95093451024616        1.3459102131042551     
         352   777.16192148459788        1.2469175559480206     
         353   779.37290845894938        1.2466713170462775     
         354   781.58389543330111        1.0481239968407661     
         355   783.79488240765272        1.0051918045264667     
         356   786.00586938200433       0.99826673159384238     
         357   788.21685635635595       0.99814207427661483     
         358   790.42784333070767        1.1535489557010397     
         359   792.63883030505917        1.1958318216350168     
         360   794.84981727941090       0.99809802118057200     
         361   797.06080425376251       0.99806118856789727     
         362   799.27179122811413       0.99783646172331486     
         363   801.48277820246574       0.99637680855834199     
         364   803.69376517681735        1.0952915207185396     
         365   805.90475215116896       0.89805266671557960     
         366   808.11573912552069       0.89811300693424867     
         367   810.32672609987219       0.99562391209983936     
         368   812.53771307422392       0.99706115832244158     
         369   814.74870004857553       0.79825350869974454     
         370   816.95968702292714       0.79788045493704995     
         371   819.17067399727875       0.89643639527689678     
         372   821.38166097163037       0.79734684026862712     
         373   823.59264794598198       0.59857584887975701     
         374   825.80363492033371       0.59825152178551277     
         375   828.01462189468521       0.49825861207783395     
         376   830.22560886903693       0.49841335584753399     
         377   832.43659584338866       0.39904869232799545     
         378   834.64758281774016       0.39896066699463234     
         379   836.85856979209188       0.39509357414495183     
         380   839.06955676644350       0.29947147128259777     
         381   841.28054374079511       0.29936180496313547     
         382   843.49153071514672       0.29985776357322097     
         383   845.70251768949834       0.39891526192809929     
         384   847.91350466384995       0.39903188027711067     
         385   850.12449163820168       0.39912433175133016     
         386   852.33547861255317       0.59793672133059439     
         387   854.54646558690490       0.59817979632925244     
         388   856.75745256125651       0.59806082153623108     
         389   858.96843953560813       0.64668035118818890     
         390   861.17942650995974       0.44824880073792200     
         391   863.39041348431135       0.54561843156031031     
         392   865.60140045866297       0.44785875732695934     
         393   867.81238743301469       0.64598525533152185     
         394   870.02337440736619       0.94229005372287966     
         395   872.23436138171792       0.64474814516034529     
         396   874.44534835606953       0.64702972605627029     
         397   876.65633533042114       0.44806134124110975     
         398   878.86732230477276       0.34864309947879879     
         399   881.07830927912448       0.24934710328812931     
         400   883.28929625347598       0.24905046084243448     
         401   885.50028322782771       0.54646483526209677     
         402   887.71127020217921       0.54750998612622359     
         403   889.92225717653093       0.54585617305221834     
         404   892.13324415088266       0.39846914465660710     
         405   894.34423112523416       0.29925681460942843     
         406   896.55521809958589       0.34905485832414385     
         407   898.76620507393750       0.34905455194130119     
         408   900.97719204828911       0.34885376710673710     
         409   903.18817902264072       0.44714623244950918     
         410   905.39916599699234       0.34918198437783848     
         411   907.61015297134395       0.44819654505599293     
         412   909.82113994569568       0.44837699642245460     
         413   912.03212692004718       0.44753307639174716     
         414   914.24311389439890       0.24959838294612749     
         415   916.45410086875052       0.24958404648879562     
         416   918.66508784310213       0.24956614888763598     
         417   920.87607481745374       0.34896609494830361     
         418   923.08706179180547       0.34928889139626074     
         419   925.29804876615697       0.34932540345231511     
         420   927.50903574050869       0.34931536033227978     
         421   929.72002271486019       0.34926686437329968     
         422   931.93100968921192       0.44784315884052722     
         423   934.14199666356353       0.24975686103160857     
         424   936.35298363791514       0.24973778695787996     
         425   938.56397061226676       0.24973843058130016     
         426   940.77495758661848       0.24973718412798213     
         427   942.98594456096998       0.24973404483605890     
         428   945.19693153532171       0.24973058182201038     
         429   947.40791850967344       0.34932630619645638     
         430   949.61890548402494       0.34947718149011375     
         431   951.82989245837666       0.34951473674545352     
         432   954.04087943272816       0.34951927045120973     
         433   956.25186640707989       0.34950065972655409     
         434   958.46285338143150       0.34945207865039546     
         435   960.67384035578311       0.44882965967861754     
         436   962.88482733013473       0.64326971336368011     
         437   965.09581430448645       0.64531552669738823     
         438   967.30680127883795       0.89019230433574625     
         439   969.51778825318968       0.69786858221242820     
         440   971.72877522754118       0.89648572799977089     
         441   973.93976220189290       0.89725092819728935     
         442   976.15074917624452       0.84773732354790043     
         443   978.36173615059613       0.84660457790778199     
         444   980.57272312494774       0.74829577217840026     
         445   982.78371009929947       0.94629448553082551     
         446   984.99469707365097       0.84754217428897949     
         447   987.20568404800269       0.84772263770690526     
         448   989.41667102235431       0.84782081339023430     
         449   991.62765799670592       0.84784370133228937     
         450   993.83864497105753        1.0389899134843028     
         451   996.04963194540915       0.88701435901635173     
         452   998.26061891976076       0.84668869812386338     
         453   1000.4716058941125       0.84678649728558564     
         454   1002.6825928684640       0.84672161773008303     
         455   1004.8935798428157        1.0366328781276763     
         456   1007.1045668171674       0.64819844232012014     
         457   1009.3155537915189       0.84677266199234758     
         458   1011.5265407658707       0.84688088708350739     
         459   1013.7375277402222       0.69734022589506572     
         460   1015.9485147145739       0.69807828172485742     
         461   1018.1595016889255       0.89452087041061734     
         462   1020.3704886632771       0.79673262820683821     
         463   1022.5814756376287       0.79587974589021770     
         464   1024.7924626119805       0.59410400240698424     
         465   1027.0034495863320       0.59657256197210284     
         466   1029.2144365606837       0.39902980429498686     
         467   1031.4254235350354       0.39904393686576495     
         468   1033.6364105093869       0.49814947896638040     
         469   1035.8473974837386       0.59662622090828565     
         470   1038.0583844580901       0.51588089562170747     
         471   1040.2693714324419       0.49836189784548451     
         472   1042.4803584067934       0.59743817800073240     
         473   1044.6913453811451       0.54789273275655626     
         474   1046.9023323554966       0.54641731192131593     
         475   1049.1133193298483       0.54762723570343386     
         476   1051.3243063041998       0.64640568233428131     
         477   1053.5352932785515       0.64746615975121602     
         478   1055.7462802529030       0.84522185199160393     
         479   1057.9572672272548       0.84653824995978488     
         480   1060.1682542016065       0.94525396162648723     
         481   1062.3792411759580       0.84701453249267189     
         482   1064.5902281503097       0.84295867255221268     
         483   1066.8012151246614       0.64808788504012227     
         484   1069.0122020990129       0.74559612730919578     
         485   1071.2231890733647       0.91671133867970678     
         486   1073.4341760477164       0.74793306502571810     
         487   1075.6451630220679       0.74785079719415448     
         488   1077.8561499964196       0.74735469846905378     
         489   1080.0671369707711       0.64848324788026901     
         490   1082.2781239451228       0.64831889404399756     
         491   1084.4891109194743       0.64702778892211821     
         492   1086.7000978938261       0.45059570258033965     
         493   1088.9110848681776       0.44954721965190447     
         494   1091.1220718425293       0.54793203396172396     
         495   1093.3330588168808       0.54901695324367239     
         496   1095.5440457912325       0.64797679351136728     
         497   1097.7550327655840       0.64887170739947042     
         498   1099.9660197399357       0.64899484637866567     
         499   1102.1770067142875       0.64904958007421287     
         500   1104.3879936886390       0.64913995653597356     
         501   1106.5989806629907       0.84816400070200437     
         502   1108.8099676373424       0.84830241873653778     
         503   1111.0209546116939       0.84771985157175322     
         504   1113.2319415860457       0.74882392775734086     
         505   1115.4429285603971       0.94716732799065206     
         506   1117.6539155347489       0.94788424723564491     
         507   1119.8649025091004        1.0471398946568193     
         508   1122.0758894834521        1.0468006974187336     
         509   1124.2868764578036        1.1428071340562600     
         510   1126.4978634321553        1.3403251318241776     
         511   1128.7088504065068        1.1458400177430055     
         512   1130.9198373808586        1.2340428642734744     
         513   1133.1308243552103        1.2429685063923359     
         514   1135.3418113295618        1.1446492603308509     
         515   1137.5527983039135       0.94670150504317940     
         516   1139.7637852782652       0.84907133314468364     
         517   1141.9747722526167       0.87527608806552015     
         518   1144.1857592269685       0.74638627072019303     
         519   1146.3967462013200       0.54753941036309828     
         520   1148.6077331756717       0.34907548193804305     
         521   1150.8187201500234       0.34867226954115160     
         522   1153.0297071243749       0.24943365855271518     
         523   1155.2406940987266       0.24939966312799727     
         524   1157.4516810730781       0.24932044104438569     
         525   1159.6626680474299       0.24904061131769997     
         526   1161.8736550217814       0.14948685200247622     
         527   1164.0846419961331       0.14902244008657142     
         528   1166.2956289704846        1.1691074668198863E-006
         529   1168.5066159448363        5.7394309397902872E-008
         530   1170.7176029191878        1.3453143176484273E-008
         531   1172.9285898935395        4.9555797752999683E-009
         532   1175.1395768678913        2.2990338335966905E-009
         533   1177.3505638422428        1.2299914454784385E-009
         534   1179.5615508165945        7.2545571589719011E-010
         535   1181.7725377909462        4.5936561853394496E-010
         536   1183.9835247652977        3.0701399630262776E-010
         537   1186.1945117396494        2.1407427987224553E-010
         538   1188.4054987140009        1.5444482480520910E-010
         539   1190.6164856883527        1.1458603431956921E-010
         540   1192.8274726627044        8.7020359404240626E-011
         541   1195.0384596370559        6.7402841941254066E-011
         542   1197.2494466114076        5.3097453893290366E-011
         543   1199.4604335857591        4.2443971429445041E-011
         544   1201.6714205601108        3.4364380568521190E-011
         545   1203.8824075344623        2.8137649657939520E-011
         546   1206.0933945088141        2.3270539058062000E-011
         547   1208.3043814831656        1.9417917252683177E-011
         548   1210.5153684575173        1.6333887608177021E-011
         549   1212.7263554318688        1.3839896172223840E-011
         550   1214.9373424062205        1.1804443286155620E-011
