           1   1.04929716383492       9.999999963438450E-002
           2   11.5422688021841       9.999999885024313E-002
           3   22.0352404405333       9.999999858044031E-002
           4   32.5282120788824       9.999999839473298E-002
           5   43.0211837172316       9.999999827037143E-002
           6   53.5141553555808       0.349999919393286     
           7   64.0071269939299       0.349999963535754     
           8   74.5000986322791       0.449999954088204     
           9   84.9930702706283       0.549999951383131     
          10   95.4860419089774       0.649999937646636     
          11   105.979013547327       0.649999954507312     
          12   116.471985185676       0.649999960924467     
          13   126.964956824025       0.649999964639521     
          14   137.457928462374       0.749999949910832     
          15   147.950900100723       0.849999952958125     
          16   158.443871739072       0.849999957710996     
          17   168.936843377422       0.849999960458685     
          18   179.429815015771        1.04999991984990     
          19   189.922786654120        1.04999994434647     
          20   200.415758292469        1.04999994960960     
          21   210.908729930818        1.04999995254441     
          22   221.401701569167        1.14999990879521     
          23   231.894673207517        1.14999994139013     
          24   242.387644845866        1.14999994597809     
          25   252.880616484215        1.14999994837250     
          26   263.373588122564        1.14999994994926     
          27   273.866559760913        1.14999995109555     
          28   284.359531399263        1.44999990380609     
          29   294.852503037612        1.44999992862209     
          30   305.345474675961        1.44999993382239     
          31   315.838446314310        1.44999993659321     
          32   326.331417952659        1.44999993833201     
          33   336.824389591008        1.54999992173855     
          34   347.317361229358        1.54999992839977     
          35   357.810332867707        1.54999993086067     
          36   368.303304506056        1.64999988480609     
          37   378.796276144405        1.64999992290291     
          38   389.289247782754        1.84999988409608     
          39   399.782219421103        1.84999990075978     
          40   410.275191059453        1.84999990482764     
          41   420.768162697802        1.84999990544121     
          42   431.261134336151        1.94999989645456     
          43   441.754105974500        2.04999987176422     
          44   452.247077612849        2.24999983043828     
          45   462.740049251199        2.14999983123463     
          46   473.233020889548        1.39999991658658     
          47   483.725992527897        1.19999994738858     
          48   494.218964166246        1.09999995629692     
          49   504.711935804595        1.09999995465889     
          50   515.204907442944        1.19999992981479     
          51   525.697879081294        1.09999995064676     
          52   536.190850719643        1.09999994820332     
          53   546.683822357992        1.09999995061039     
          54   557.176793996341        1.29999993638447     
          55   567.669765634690        1.49999992000917     
          56   578.162737273039        1.49999992841495     
          57   588.655708911389        1.69999988676509     
          58   599.148680549738        1.99999982272840     
          59   609.641652188087        1.99999988306034     
          60   620.134623826436        2.29999983477934     
          61   630.627595464785        2.64999980918759     
          62   641.120567103134        2.89999962135530     
          63   651.613538741484        2.79999982339593     
          64   662.106510379833        2.79999982009087     
          65   672.599482018182        2.89999976172768     
          66   683.092453656531        2.69999984759683     
          67   693.585425294880        2.59999986158409     
          68   704.078396933230        2.49999986618513     
          69   714.571368571579        2.49999984191843     
          70   725.064340209928        2.39999987840472     
          71   735.557311848277        2.39999987067598     
          72   746.050283486626        2.39999985590846     
          73   756.543255124975        2.29999986672349     
          74   767.036226763325        2.19999987465774     
          75   777.529198401674        2.19999985971695     
          76   788.022170040023        2.09999988136267     
          77   798.515141678372        2.09999986924940     
          78   809.008113316721        2.09999983080695     
          79   819.501084955070        1.99999986269414     
          80   829.994056593420        1.99999978745428     
          81   840.487028231769        1.89999980165588     
          82   850.979999870118        1.49999986993455     
          83   861.472971508467        1.39999985706971     
          84   871.965943146816        1.24999995070821     
          85   882.458914785166        1.24999995302695     
          86   892.951886423515        1.24999995132677     
          87   903.444858061864        1.24999993374590     
          88   913.937829700213        1.14999995296652     
          89   924.430801338562        1.14999988267010     
          90   934.923772976911        1.04999996218001     
          91   945.416744615261        1.04999995974398     
          92   955.909716253610        1.14999993151282     
          93   966.402687891959        1.04999995597641     
          94   976.895659530308        1.04999994820591     
          95   987.388631168657       0.949999952923156     
          96   997.881602807007       0.849999969398346     
          97   1008.37457444536       0.849999969278375     
          98   1018.86754608370       0.949999894969607     
          99   1029.36051772205       0.949999960910111     
         100   1039.85348936040       0.949999962483900     
         101   1050.34646099875       0.949999962851906     
         102   1060.83943263710       0.949999962787490     
         103   1071.33240427545       0.949999962474518     
         104   1081.82537591380        1.14999993685067     
         105   1092.31834755215        1.14999994766614     
         106   1102.81131919050        1.14999994947889     
         107   1113.30429082885        1.14999994977839     
         108   1123.79726246720        1.14999994954522     
         109   1134.29023410555        1.24999993996387     
         110   1144.78320574389        1.24999994272958     
         111   1155.27617738224        1.24999994322576     
         112   1165.76914902059        1.24999994265105     
         113   1176.26212065894        1.34999993156024     
         114   1186.75509229729        1.34999992966531     
         115   1197.24806393564        1.34999991617728     
         116   1207.74103557399        1.14999995071065     
         117   1218.23400721234        1.04999995556446     
         118   1228.72697885069        1.14999990461426     
         119   1239.21995048904        1.24999993174624     
         120   1249.71292212739        1.14999993016694     
         121   1260.20589376574       0.949999959259862     
         122   1270.69886540408        1.04999995182174     
         123   1281.19183704243       0.949999956447322     
         124   1291.68480868078        1.14999993821120     
         125   1302.17778031913        1.14999993357561     
         126   1312.67075195748       0.949999954328162     
         127   1323.16372359583       0.799999959769343     
         128   1333.65669523418        1.19999986856311     
         129   1344.14966687253        1.59999980436919     
         130   1354.64263851088        1.74999956442300     
         131   1365.13561014923        1.94999980248413     
         132   1375.62858178758        2.04999976424707     
         133   1386.12155342593        1.94999960503617     
         134   1396.61452506428        2.19999948209552     
         135   1407.10749670262        1.89999967032116     
         136   1417.60046834097        1.69999983320813     
         137   1428.09343997932        1.69999976887498     
         138   1438.58641161767        1.59999986157412     
         139   1449.07938325602        1.59999977870942     
         140   1459.57235489437        1.49999977896727     
         141   1470.06532653272        1.39999987227378     
         142   1480.55829817107        1.29999989227710     
         143   1491.05126980942        1.29999986861713     
         144   1501.54424144777        1.29999983327667     
         145   1512.03721308612        1.09999990277149     
         146   1522.53018472447        1.09999989185182     
         147   1533.02315636281       0.999999898362815     
         148   1543.51612800116       0.999999848968189     
         149   1554.00909963951       0.799999903667089     
         150   1564.50207127786       0.649999918906409     
         151   1574.99504291621       0.699999900308778     
         152   1585.48801455456       0.799999773717379     
         153   1595.98098619291       0.699999809851210     
         154   1606.47395783126       1.628959002933449E-014
         155   1616.96692946961       3.442922379316362E-017
         156   1627.45990110796       3.679326120012974E-018
         157   1637.95287274631       8.084776393156689E-019
         158   1648.44584438466       2.532132316837346E-019
         159   1658.93881602300       9.865875769817605E-020
         160   1669.43178766135       4.466939127746976E-020
         161   1679.92475929970       2.258256370906373E-020
         162   1690.41773093805       1.242330955779666E-020
         163   1700.91070257640       7.306232431162911E-021
         164   1711.40367421475       4.535091870346404E-021
         165   1721.89664585310       2.942800691650209E-021
         166   1732.38961749145       1.981693860769155E-021
         167   1742.88258912980       1.376961657704982E-021
         168   1753.37556076815       9.827334348856200E-022
         169   1763.86853240650       7.177583263460441E-022
         170   1774.36150404485       5.348638047517926E-022
         171   1784.85447568319       4.056500402536683E-022
         172   1795.34744732154       3.124676191302409E-022
         173   1805.84041895989       2.440332374918849E-022
         174   1816.33339059824       1.929495798810691E-022
         175   1826.82636223659       1.542566552053060E-022
         176   1837.31933387494       1.245610450627735E-022
         177   1847.81230551329       1.014972102074465E-022
         178   1858.30527715164       8.338896496676070E-023
         179   1868.79824878999       6.903010929005385E-023
         180   1879.29122042834       5.754071615755824E-023
         181   1889.78419206669       4.827039275423646E-023
         182   1900.27716370504       4.073289375411305E-023
         183   1910.77013534338       3.456059219192116E-023
         184   1921.26310698173       2.947279528064107E-023
         185   1931.75607862008       2.525316965018319E-023
         186   1942.24905025843       2.173349540006077E-023
         187   1952.74202189678       1.878195574135400E-023
         188   1963.23499353513       1.629441165115595E-023
         189   1973.72796517348       1.418807455056679E-023
         190   1984.22093681183       1.239662179879358E-023
         191   1994.71390845018       1.086662748391858E-023
         192   2005.20688008853       9.554789996426838E-024
         193   2015.69985172688       8.425818337758020E-024
         194   2026.19282336523       7.450801223226454E-024
         195   2036.68579500357       6.605928854585199E-024
         196   2047.17876664192       5.871504855616336E-024
         197   2057.67173828027       5.231167267626804E-024
         198   2068.16470991862       4.671258124865090E-024
         199   2078.65768155697       4.180331591293226E-024
         200   2089.15065319532       3.748762151851269E-024
