# cm1	omega	Tavg	eta_mean	(eta/omega)_mean	(eta/omega)_max	n_success	n1e-8	n1e-7	n1e-6	n1e-5	n1e-4
0.00000000	0.000000000000e+00	0.000000000000e+00	0.000000000000e+00	0.000000000000e+00	0.000000000000e+00	0	0	0	0	0	0
21.25000000	1.936442482484e-04	2.677285559555e-03	2.197623762376e-06	1.134876859114e-02	5.164108973261e-01	101	96	0	1	2	2
42.50000000	3.872884964968e-04	6.399953949790e-03	1.089108910891e-07	2.812138549796e-04	2.582054486631e-02	101	100	0	0	1	0
63.75000000	5.809327447452e-04	2.666834580186e-02	1.000000000000e-08	1.721369657754e-05	1.721369657754e-05	101	101	0	0	0	0
85.00000000	7.745769929936e-04	1.557056611840e-01	1.000000000000e-08	1.291027243315e-05	1.291027243315e-05	101	101	0	0	0	0
106.25000000	9.682212412420e-04	1.538197965776e-01	1.187128712871e-07	1.226092407711e-04	1.032821794652e-02	101	99	0	1	1	0
127.50000000	1.161865489490e-03	1.872503935657e-01	1.000000000000e-08	8.606848288769e-06	8.606848288769e-06	101	101	0	0	0	0
148.75000000	1.355509737739e-03	2.084646504852e-01	1.000000000000e-08	7.377298533230e-06	7.377298533230e-06	101	101	0	0	0	0
170.00000000	1.549153985987e-03	2.239177502039e-01	1.980198019802e-08	1.278244795362e-05	6.455136216577e-04	101	100	0	1	0	0
191.25000000	1.742798234236e-03	5.633986894075e-01	2.176237623762e-07	1.248703137869e-04	5.737898859179e-03	101	98	0	1	2	0
212.50000000	1.936442482484e-03	7.522388420837e-01	2.176237623762e-07	1.123832824082e-04	5.164108973261e-03	101	98	0	1	2	0
233.75000000	2.130086730732e-03	8.007679445252e-01	1.285148514851e-07	6.033315434107e-05	4.694644521147e-03	101	98	0	2	1	0
255.00000000	2.323730978981e-03	6.231970349949e-01	1.392079207921e-07	5.990707274262e-05	4.303424144384e-03	101	96	1	3	1	0
276.25000000	2.517375227229e-03	6.042453111565e-01	4.350495049505e-07	1.728186963329e-04	3.972391517893e-03	101	94	0	3	4	0
297.50000000	2.711019475478e-03	5.751042715263e-01	3.067326732673e-07	1.131429250294e-04	3.688649266615e-03	101	98	0	0	3	0
318.75000000	2.904663723726e-03	5.511232500980e-01	4.163366336634e-07	1.433338497199e-04	3.442739315507e-03	101	95	1	1	4	0
340.00000000	3.098307971974e-03	5.582388629315e-01	1.008910891089e-06	3.256328616184e-04	3.227568108288e-03	101	90	0	1	10	0
361.25000000	3.291952220223e-03	5.225484734834e-01	8.502970297030e-07	2.582956777074e-04	3.037711160742e-03	101	88	0	5	8	0
382.50000000	3.485596468471e-03	9.466017653921e-01	1.443762376238e-06	4.142081245770e-04	2.868949429590e-03	101	82	0	5	14	0
403.75000000	3.679240716720e-03	8.385661751604e-01	1.631782178218e-06	4.435105783654e-04	2.717952091190e-03	101	81	0	4	16	0
425.00000000	3.872884964968e-03	1.335172708142e+00	1.642475247525e-06	4.240960582051e-04	2.582054486631e-03	101	79	1	5	16	0
446.25000000	4.066529213216e-03	1.201787628992e+00	1.188019801980e-06	2.921458914199e-04	2.459099511077e-03	101	79	2	9	11	0
467.50000000	4.260173461465e-03	1.402707823654e+00	9.901980198020e-07	2.324313854257e-04	2.347322260573e-03	101	81	2	9	9	0
488.75000000	4.453817709713e-03	9.079528789568e-01	7.611881188119e-07	1.709068867259e-04	2.245264770983e-03	101	88	0	6	7	0
510.00000000	4.647461957962e-03	8.429870780755e-01	3.272277227723e-07	7.040998414451e-05	2.151712072192e-03	101	95	1	2	3	0
531.25000000	4.841106206210e-03	7.900677710458e-01	8.805940594059e-07	1.818993473591e-04	2.065643589304e-03	101	84	1	8	8	0
552.50000000	5.034750454458e-03	8.510751844140e-01	1.181782178218e-06	2.347250750375e-04	1.986195758947e-03	101	66	7	18	10	0
573.75000000	5.228394702707e-03	9.617479869900e-01	2.099603960396e-06	4.015771723028e-04	1.912632953060e-03	101	66	4	11	20	0
595.00000000	5.422038950955e-03	2.158858670583e+00	1.487425742574e-06	2.743295937246e-04	1.844324633308e-03	101	73	5	9	14	0
616.25000000	5.615683199204e-03	2.343923723640e+00	9.901980198020e-07	1.763272579091e-04	1.780727232159e-03	101	81	2	9	9	0
637.50000000	5.809327447452e-03	1.261544818848e+00	6.141584158416e-07	1.057193662084e-04	1.721369657754e-03	101	83	2	11	5	0
658.75000000	6.002971695701e-03	1.474557123751e+00	5.544554455446e-07	9.236349489065e-05	1.665841604278e-03	101	80	2	15	4	0
680.00000000	6.196615943949e-03	1.826125749821e+00	3.771287128713e-07	6.086043031916e-05	1.613784054144e-03	101	89	2	7	3	0
701.25000000	6.390260192197e-03	1.146520833895e+00	5.437623762376e-07	8.509236868032e-05	1.564881507049e-03	101	82	1	14	4	0
722.50000000	6.583904440446e-03	7.995922065132e-01	9.500990099010e-07	1.443063183093e-04	1.518855580371e-03	101	76	2	15	8	0
743.75000000	6.777548688694e-03	1.044846456806e+00	2.402574257426e-06	3.544901509057e-04	1.475459706646e-03	101	66	0	12	23	0
765.00000000	6.971192936943e-03	6.816797271863e-01	8.627722772277e-07	1.237625016309e-04	1.434474714795e-03	101	84	3	6	8	0
786.25000000	7.164837185191e-03	6.939337877245e-01	8.012871287129e-07	1.118360554472e-04	1.395705127908e-03	101	83	1	10	7	0
807.50000000	7.358481433439e-03	6.365876211300e-01	3.254455445545e-07	4.422726991951e-05	1.358976045595e-03	101	87	0	12	2	0
828.75000000	7.552125681688e-03	7.806163805025e-01	7.718811881188e-07	1.022071428168e-04	1.324130505964e-03	101	86	1	7	7	0
850.00000000	7.745769929936e-03	6.361312716613e-01	1.784158415842e-07	2.303397121242e-05	1.291027243315e-03	101	92	1	7	1	0
871.25000000	7.939414178185e-03	7.790001610755e-01	4.029702970297e-08	5.075567138656e-06	1.259538773966e-04	101	97	1	3	0	0
892.50000000	8.133058426433e-03	8.468083203282e-01	5.990099009901e-08	7.365124773274e-06	1.229549755538e-04	101	95	1	5	0	0
913.75000000	8.326702674681e-03	8.776967003297e-01	1.882178217822e-07	2.260412424170e-05	1.200955575177e-03	101	91	1	8	1	0
935.00000000	8.520346922930e-03	8.974609012540e-01	1.490099009901e-07	1.748871288199e-05	1.173661130287e-03	101	95	1	4	1	0
956.25000000	8.713991171178e-03	8.407607548867e-01	1.490099009901e-07	1.710007481795e-05	1.147579771836e-03	101	95	1	4	1	0
977.50000000	8.907635419427e-03	7.414191390354e-01	1.187128712871e-07	1.332709138816e-05	1.122632385492e-03	101	99	0	1	1	0
998.75000000	9.101279667675e-03	5.829537375846e-01	1.000000000000e-08	1.098746590056e-06	1.098746590056e-06	101	101	0	0	0	0
1020.00000000	9.294923915923e-03	5.470455841323e-01	1.000000000000e-08	1.075856036096e-06	1.075856036096e-06	101	101	0	0	0	0
1041.25000000	9.488568164172e-03	4.604976310736e-01	1.000000000000e-08	1.053899790461e-06	1.053899790461e-06	101	101	0	0	0	0
1062.50000000	9.682212412420e-03	3.271295290853e-01	2.960396039604e-08	3.057561550505e-06	1.032821794652e-04	101	99	0	2	0	0
1083.75000000	9.875856660669e-03	2.867287997346e-01	1.000000000000e-08	1.012570386914e-06	1.012570386914e-06	101	101	0	0	0	0
1105.00000000	1.006950090892e-02	4.556962921027e-01	1.000000000000e-08	9.930978794733e-07	9.930978794733e-07	101	101	0	0	0	0
1126.25000000	1.026314515717e-02	7.038877134056e-01	6.034653465347e-07	5.879926058664e-05	9.743601836342e-04	101	95	0	0	6	0
1147.50000000	1.045678940541e-02	9.000171536606e-01	1.692376237624e-06	1.618447280527e-04	9.563164765299e-03	101	93	0	0	7	1
1168.75000000	1.065043365366e-02	9.811773020704e-01	1.000000000000e-08	9.389289042293e-07	9.389289042293e-07	101	101	0	0	0	0
1190.00000000	1.084407790191e-02	8.969248500197e-01	1.000000000000e-08	9.221623166538e-07	9.221623166538e-07	101	101	0	0	0	0
1211.25000000	1.103772215016e-02	6.921880705281e-01	1.692376237624e-06	1.533265844710e-04	9.059840303967e-03	101	93	0	0	7	1
1232.50000000	1.123136639841e-02	7.236719051807e-01	3.107425742574e-06	2.766738820857e-04	8.903636160795e-03	101	85	0	3	11	2
1253.75000000	1.142501064666e-02	7.571588025105e-01	7.513861386139e-07	6.576677797966e-05	8.752727073324e-04	101	89	0	5	7	0
1275.00000000	1.161865489490e-02	7.390840157667e-01	9.206930693069e-07	7.924265568046e-05	8.606848288769e-04	101	89	1	2	9	0
1296.25000000	1.181229914315e-02	5.418019503067e-01	6.141584158416e-07	5.199313092215e-05	8.465752415182e-04	101	93	1	1	6	0
1317.50000000	1.200594339140e-02	3.037368263603e-01	1.139900990099e-06	9.494472470322e-05	8.329208021389e-03	101	93	2	4	1	1
1338.75000000	1.219958763965e-02	1.412880813587e+00	3.474554455446e-06	2.848091720865e-04	8.196998370256e-03	101	93	0	0	5	3
1360.00000000	1.239323188790e-02	1.201643133182e+00	3.276732673267e-06	2.643969468906e-04	8.068920270721e-03	101	95	0	0	3	3
1381.25000000	1.258687613615e-02	2.709260468292e+00	1.425049504950e-06	1.132170913209e-04	7.944783035786e-03	101	93	0	3	4	1
1402.50000000	1.278052038439e-02	3.050495782628e+00	9.215841584158e-07	7.210850033471e-05	7.824407535244e-04	101	88	2	2	9	0
1423.75000000	1.297416463264e-02	1.948270368143e+00	1.139009900990e-06	8.779061567666e-05	7.707625333226e-04	101	84	2	4	11	0
1445.00000000	1.316780888089e-02	1.593441162719e+00	2.479207920792e-07	1.882779392697e-05	7.594277901855e-04	101	94	1	4	2	0
1466.25000000	1.336145312914e-02	2.197863352093e+00	1.989108910891e-06	1.488692054424e-04	7.484215903277e-03	101	90	0	0	10	1
1487.50000000	1.355509737739e-02	1.734608729864e+00	1.602376237624e-06	1.182120786750e-04	7.377298533230e-04	101	84	0	1	16	0
1508.75000000	1.374874162564e-02	6.385336462668e-01	1.345742574257e-06	9.788114511863e-05	7.273392920086e-04	101	82	1	5	13	0
1530.00000000	1.394238587389e-02	1.527209566103e+00	1.302970297030e-07	9.345389726089e-06	7.172373573974e-04	101	96	2	2	1	0
1551.25000000	1.413603012213e-02	1.012066029616e+00	2.210099009901e-06	1.563450976551e-04	7.074121881180e-03	101	92	3	2	2	2
1572.50000000	1.432967437038e-02	3.592739737160e-01	1.041346534653e-05	7.267063491728e-04	6.978525639542e-03	101	76	0	1	15	9
1593.75000000	1.452331861863e-02	3.567687918773e-01	1.298514851485e-06	8.940896261957e-05	6.885478631015e-03	101	95	2	0	3	1
1615.00000000	1.471696286688e-02	3.621590421414e-04	1.800198019802e-06	1.223212993119e-04	6.794880227975e-04	101	82	0	1	18	0
1636.25000000	1.491060711513e-02	2.918405567247e-06	1.383168316832e-07	9.276405086339e-06	6.706635030209e-04	101	97	0	3	1	0
1657.50000000	1.510425136338e-02	4.307415075590e-08	1.000000000000e-08	6.620652529822e-07	6.620652529822e-07	101	101	0	0	0	0
1678.75000000	1.529789561162e-02	4.609761328037e-09	1.000000000000e-08	6.536846801596e-07	6.536846801596e-07	101	101	0	0	0	0
1700.00000000	1.549153985987e-02	9.015774685078e-10	1.000000000000e-08	6.455136216577e-07	6.455136216577e-07	101	101	0	0	0	0
