# index omega_cm^-1 Tw_sumTdk Tw_per_area_nm^-2
           1       1.049297163835   1.686115550667e-03   2.353276517881e-02
           2      22.035240440533   2.377621934448e-03   3.318397641562e-02
           3      43.021183717232   4.877323469519e-03   6.807179250787e-02
           4      64.007126993930   3.687174865198e-02   5.146113517640e-01
           5      84.993070270628   1.824527800732e-01   2.546455625764e+00
           6     105.979013547327   1.650466181643e-01   2.303521432609e+00
           7     126.964956824025   2.045499397333e-01   2.854861102004e+00
           8     147.950900100723   2.181460033279e-01   3.044618542888e+00
           9     168.936843377422   2.241473834987e-01   3.128378561739e+00
          10     189.922786654120   3.768816040902e-01   5.260058414004e+00
          11     210.908729930818   5.437111043125e-01   7.588463161874e+00
          12     231.894673207517   6.096247579512e-01   8.508406360632e+00
          13     252.880616484215   6.373262951954e-01   8.895030972926e+00
          14     273.866559760913   6.588519317487e-01   9.195459819651e+00
          15     294.852503037612   6.878985192142e-01   9.600857019031e+00
          16     315.838446314310   6.724962759384e-01   9.385891102791e+00
          17     336.824389591008   6.229660768798e-01   8.694608383024e+00
          18     357.810332867707   7.184078883076e-01   1.002666995833e+01
          19     378.796276144405   9.146729482774e-01   1.276590071108e+01
          20     399.782219421103   1.055506599644e+00   1.473148678587e+01
          21     420.768162697802   1.161087715025e+00   1.620506052440e+01
          22     441.754105974500   1.298286951537e+00   1.811992182455e+01
          23     462.740049251198   1.467842794963e+00   2.048637757929e+01
          24     483.725992527897   8.893583288089e-01   1.241258981533e+01
          25     504.711935804595   8.112109471693e-01   1.132190301113e+01
          26     525.697879081293   7.496617893764e-01   1.046287417606e+01
          27     546.683822357992   8.150616556890e-01   1.137564655162e+01
          28     567.669765634690   9.636149898297e-01   1.344897463847e+01
          29     588.655708911388   1.044720727484e+00   1.458095060424e+01
          30     609.641652188087   1.146571427665e+00   1.600245971120e+01
          31     630.627595464785   1.534325713433e+00   2.141426588929e+01
          32     651.613538741483   1.656069147405e+00   2.311341375764e+01
          33     672.599482018182   1.668321495654e+00   2.328441724201e+01
          34     693.585425294880   1.520987000249e+00   2.122810023472e+01
          35     714.571368571578   1.267188321232e+00   1.768588468867e+01
          36     735.557311848277   1.227243309817e+00   1.712838044568e+01
          37     756.543255124975   1.212028192176e+00   1.691602620313e+01
          38     777.529198401673   1.043396669633e+00   1.456247100331e+01
          39     798.515141678372   8.365943530991e-01   1.167617394526e+01
          40     819.501084955070   7.585833715694e-01   1.058739084912e+01
          41     840.487028231768   9.195681689845e-01   1.283422229162e+01
          42     861.472971508467   7.782369684976e-01   1.086169202691e+01
          43     882.458914785165   7.890348750087e-01   1.101239616948e+01
          44     903.444858061863   8.178095246463e-01   1.141399798898e+01
          45     924.430801338562   8.343783957132e-01   1.164524628744e+01
          46     945.416744615260   8.329744506386e-01   1.162565171709e+01
          47     966.402687891958   8.096778357037e-01   1.130050569225e+01
          48     987.388631168657   6.475124964576e-01   9.037197672162e+00
          49    1008.374574445355   5.779002176115e-01   8.065633528175e+00
          50    1029.360517722053   5.250077616058e-01   7.327424485253e+00
          51    1050.346460998752   4.168175811690e-01   5.817436566652e+00
          52    1071.332404275450   2.942739305515e-01   4.107120240469e+00
          53    1092.318347552148   3.267470364405e-01   4.560340647107e+00
          54    1113.304290828847   5.503516454139e-01   7.681143817324e+00
          55    1134.290234105545   7.813723741085e-01   1.090545223299e+01
          56    1155.276177382243   8.939201371706e-01   1.247625802889e+01
          57    1176.262120658942   8.519167786833e-01   1.189002586253e+01
          58    1197.248063935640   7.324939503946e-01   1.022326620659e+01
          59    1218.234007212338   7.009652974154e-01   9.783227333409e+00
          60    1239.219950489037   7.281503202813e-01   1.016264306161e+01
          61    1260.205893765735   7.513406863433e-01   1.048630619296e+01
          62    1281.191837042433   6.895226203169e-01   9.623524261417e+00
          63    1302.177780319132   4.886444052223e-01   6.819908658981e+00
          64    1323.163723595830   2.638021387571e-01   3.681831759741e+00
          65    1344.149666872528   8.153579066146e-01   1.137978126437e+01
          66    1365.135610149227   8.271096960197e-01   1.154379855274e+01
          67    1386.121553425925   1.193028165764e+00   1.665084677354e+01
          68    1407.107496702623   1.093887623814e+00   1.526716278314e+01
          69    1428.093439979322   1.162527700308e+00   1.622515810045e+01
          70    1449.079383256020   9.797965561932e-01   1.367481740548e+01
          71    1470.065326532718   8.144735740622e-01   1.136743881828e+01
          72    1491.051269809416   6.505659582989e-01   9.079814206043e+00
          73    1512.037213086115   5.861651853342e-01   8.180985969204e+00
          74    1533.023156362813   5.185282544626e-01   7.236991347373e+00
          75    1554.009099639512   5.005047799428e-01   6.985441450087e+00
          76    1574.995042916210   2.943908498210e-01   4.108752058474e+00
          77    1595.980986192908   2.798728025385e-01   3.906126682403e+00
          78    1616.966929469607   3.200081601190e-15   4.466287547378e-14
          79    1637.952872746305   1.536048588356e-17   2.143831169740e-16
          80    1658.938816023003   3.091564564317e-19   4.314832568766e-18
          81    1679.924759299702   4.759237768157e-20   6.642369485524e-19
